16100231202
16199000010
16199000031
21100005799
21100008451
21100008480
21100008775
21100008776
21100008795
21100009260
21100011091
21100011961
21100012251
21100012255
21100012262
21100012413
21100014146
21100016086
21100016091
21100016147
21100016287
21100016288
21100016293
21100016297
21100016320
21100016321
21100017400
21100017667
21100021088
21100021089
21100022532
21100022973
21100023320
00000017090
00000022443
00000030201
00000031771
10100000891
10100001589
10100002469
10100002878
10100003523
10100003723
10100004258
10100006031
10100006540
10100006558
10100008140
10100009463
10100009470
10100009707
10100009913
10100012252
10100012254
10100012256
10100012257
10100012670
10100013377
10100013392
10100013458
10100014141
10100014171
10100014199
10100014229
10100014699
10100015196
10100015202
10100015226
10100015472
10100015706
10100015935
10100016003
10100016390
10100016735
10100016765
10100016934
10100020555
10100020916
10100021006
10100021007
10100021008
10100021966
10100023030
10100023036
10100023037
10100023128
10100023287
10100023453
10100023827
10100023830
10100024080
10100024406
10100024640
10100024646
10100024647
10100024654
10100024655
10100025066
10100025094
21100023881
21100024004
21100024099
21100024168
21100024291
21100024607
21100024636
21100024653
21100025174
21100025776
21100026515
21100028344
21100030048
21100030058
21199000001
21199000008
21199000009
21199000017
21199000019
22100004843
22100004849
22100004876
22100004915
22100004940
22100004960
22100004965
22100005253
22100005348
22100005349
22100009742
22100009750
22100009755
22100010340
22100010623
22100010630
22100012763
22100016227
22100016228
22100016230
22100016231
22100016232
22100016233
22100016235
22100016236
22100016237
22100016240
22100016241
22100016242
22100016243
22100016246
22100016247
22100016248
22100016250
22100016251
22100016252
22100016253
22100016254
22100016255
22100016256
22100016257
22100016258
22100016259
22100017547
22100019345
22100019363
22100020971
30100009328
30100009329
30100009467
30100009549
30100010301
30100010394
30100010409
30100010744
30100011134
30100012014
30100012094
30100012212
30100012300
30100012355
30100012912
30100012913
30100012938
30100013251
30100013486
30100013557
30100013561
30100013571
30100013633
30100013675
30100013676
30100013925
30100013970
30100013971
30100014792
30100014919
30100014920
30100014945
30100015063
30300006652
30300006950
30300007887
30300008116
30300008729
30300011050
30300012751
30300012755
30300013567
30300015577
30300017033
30300017703
30300020756
30300021472
30300021473
30300021513
30300022354
30300023544
30300023548
30300023667
30300024635
30300027093
30300027628
30300027849
30300027854
30300106113
30300207894
30399000008
30399000013
30399000016
30399000017
30400001325
30400001748
22100026466
22100027515
22100028438
22100029734
22100031213
22100032328
22100032329
22100032338
22100032342
23199000001
24100018424
24100020234
24100022694
25199000001
25199000003
25199000004
25199000005
25199000008
30100000002
30100000012
30100000013
30100000014
30100000015
30100000019
30100000021
30100000023
30100000024
30100000051
30100000058
30100000060
30100000067
30100000070
30100000072
10100025116
10100025574
10100026136
10100026145
10100026148
10100026149
10100026151
10100026152
10100026154
10100026924
10100027595
10100028550
10100031021
10100031102
10100031110
10100031209
10100031254
10100031843
10199000154
10199000156
10199000157
10199000158
10199000160
10199000161
10199000162
10199000163
10199000165
10199000166
10199000167
10200026923
10300022202
10300023081
10300024638
30100015504
30100015576
30100015594
30100015638
30100015644
30100015741
30100015910
30100015978
30100015983
30100016199
30100016317
30100016890
30100016992
30100017041
30100017333
30100017376
30100017550
30100017551
30100017680
30100017688
30100018021
30100018159
30100018511
30100018512
30100018513
30100018600
30100018604
30100019139
30100019141
30100019390
30100019482
30100019485
30100019543
30100020112
30100020158
30100020159
30100020208
30100020488
30100020884
30100020885
30100021559
30100021794
30100021804
30100022639
30100022658
30100022659
30100022660
30100022661
30100023249
30100023253
30100023473
30100023810
30100023821
30100023847
30100023897
30100024008
30100024134
30100024643
30100024705
30100025598
30100025867
30100025910
30100025911
30100025912
30100025913
30100025914
30100025915
30100026166
30100026536
30100026537
30100027470
30100027471
30100027472
30100027473
30100027474
30100027481
30100027482
30100027550
30100027551
30100027552
30100027553
30100027555
30100027556
30100027557
30100027558
30100027559
30100027736
30100027951
30100028371
30100029313
30100030447
30100030453
30100031036
30100031681
30100032018
30100032048
30100032248
30100032314
30100032315
30100000073
30100000074
30100000079
30100000087
30100000139
30100000141
30100000194
30100000235
30100000760
30100000768
30100000771
30100000773
30100000776
30100000778
30100000822
30100000843
30100000919
30100000942
30100000943
30100001000
30100001021
30100001032
30100001033
30100001044
30100001045
30100001047
30100001049
30100001051
30100001074
30100001075
30100001077
30100001089
30100001110
30100001122
30100001131
30100001134
30100001145
30100001146
30100001175
30100001181
30100001228
30100001229
30100001254
30100001265
30100001270
30100001421
30100001450
30100001555
30100001556
30100001557
30100001594
30100001650
30100001715
30100001716
30100001717
30100001718
30100001719
30100001720
30100001728
30100001770
30100001811
30100001829
30100002004
30100002117
30100002148
30100002201
30400002826
30400002877
30400003442
30400003444
30400003446
30400003448
30400005175
30400005308
30400006361
30400007646
30400007647
30400007805
30400007911
30400007978
30400008060
30400009377
30400009680
30400010392
30400010833
30400014302
30400014538
30400016353
30400016354
30400016646
30400017226
30400017874
30400018162
30400021766
30400023243
30400023244
30400023246
30400023247
30400023277
30400024616
30400024628
30400025328
30400025380
30400025381
30400025577
30400029911
30400030736
30499000011
30499000012
30499000015
30499000016
30499000017
30499000018
30499000019
30499000023
30499000026
30499000027
30499000028
30499000029
30500001911
30500002096
30500002097
30500002098
30500002100
30500002101
30500002106
30500002107
30500002108
30500002109
30500002110
30500002111
30500002112
30500002113
30500002114
30500002265
30500002395
30500006481
30500007857
30500008361
30500011057
30500013916
30500014177
30500014178
30500016727
30500017239
30500018114
30500018584
30500019863
30500020733
30500021572
30500022032
30500022875
30500023332
30500023856
30500023857
30500024650
30500024651
30500024656
30500025095
30500025372
30500025886
30500026811
30500027157
30500027904
30500028032
30100002241
30100002242
30100002243
30100002303
30100002779
30100002975
30100003012
30100003013
30100003016
30100003394
30100003413
30100003484
30100003489
30100003658
30100003660
30100003704
30100003795
30100003849
30100003928
30100004272
30100004706
30100004708
30100004711
30100004712
30100004715
30100004735
30100004776
30100005190
30100005191
30100005192
30100005224
30100006273
30100006291
30100032317
30100032449
30100118017
30100129000
30100200070
30100200081
30100200251
30100200263
30100200747
30100201380
30100201393
30100202848
30100202849
30100220157
30100222632
30100223123
30100223124
30100223125
30100301242
30100301637
30199000009
30199000011
30199000012
30199000015
30199000016
DI0207
DI0210
DI0216
DI0219
DI0221
DI0222
DI0223
DI0225
DI0228
DI0230
DI0242
DI0254
DI0255
DI0257
DI0274
DI0276
DI0280
DI0286
DI0287
DI0293
DI0299
DI0302
DI0304
DI0307
DI0315
DI0319
DI0322
DI0338
DI0340
DI0342
DI0358
DI0359
DI0367
DI0371
DI0379
DI0388
DI0397
DI0402
DI0403
DI0419
DI0425
DI0429
DI0432
DI0433
30100006596
30100006624
30100006764
30100006906
30100006964
30100007004
30100007619
30100007686
30100007717
30100007823
30100007902
30100007931
30100008246
30100008288
30100008352
30100008611
30100008725
30100008823
30100008826
30100009115
30100009116
30100009321
30100009326
30100009327
31100027762
31100027790
31100028058
31100028434
31100028889
31100028894
31100029131
31100029272
31100029274
DI0434
DI0436
DI0439
DI0444
DI0450
DI0452
DI0454
DI0455
DI0457
DI0459
DI0461
DI0466
DI0467
DI0482
DI0484
DI0496
DI0500
DI0509
DI0512
DI0524
DI0535
DI0536
DI0547
DI0549
DI0552
DI0556
DI0564
DI0575
DI0582
DI0589
DI0599
DI0605
DI0639
DI0651
DI0666
31100029558
31100029562
31100030842
31190000737
31199000001
31199000002
31199000003
31199000004
31199000005
31199000006
31199000011
31199000012
31199000018
31199000019
31199000025
31199000546
31199000743
31199000840
31199000842
31199000967
31199000968
31199001000
31199001002
31199001237
31199001242
31199001243
31199001330
31199001331
31199001332
31199001333
31199001384
31199001390
31199001391
DI0673
DI0680
DI0684
DI0690
DI0691
DI0695
DI0700
DI0702
DI0717
DI0719
DI0722
DI0729
DI0740
DI0741
DI0742
DI0755
DI0765
DI0770
DI0775
DI0781
DI0782
DI0783
DI0807
DI0809
DI0814
DI0816
DI0831
DI0843
DI0847
DI0850
DI0861
DI0876
DI0879
DI0883
DI0891
31199001484
31199001485
31199001487
31199001490
31199001491
31199001492
31199001499
31199001500
31199001503
31199001504
31199001505
31199001506
31199001508
31199001509
31199001510
31199001514
31199001515
31199001516
31199001517
31199001518
31199001520
31199001521
31199001522
31199001523
31199001524
31199001525
31199001526
31199001527
31199001528
31199001529
31199001530
31199001531
31199001532
DI0895
DI0903
DI0906
DI0907
DI0910
DI0917
DI0919
DI0921
DI0925
DI0930
DI0933
DI0940
DI0947
DI0954
DI0960
DI0961
DI0971
DI0977
DI0978
DI0979
DI0982
DI0983
DI0988
DI0992
DI0993
DI1018
DI1031
DI1039
DI1046
DI1070
DI1074
DI1083
DI1086
DI1087
DI1089
DI1093
DI1097
DI1099
DI1103
DI1120
DI1121
DI1124
DI1130
DI1132
DI1140
DI1158
DI1178
DI1191
DI1194
DI1199
DI1202
DI1215
DI1217
DI1218
DI1229
DI1232
DI1234
DI1238
DI1242
DI1248
DI1254
DI1264
DI1268
DI1283
DI1296
DI1311
DI1315
DI1317
DI1331
DI1336
DI1356
DI1363
DI1375
DI1376
DI1378
DI1395
DI1404
DI1437
DI1440
DI1443
DI1444
DI1445
DI1446
DI1450
DI1461
DI1464
DI1465
DI1466
DI1469
DI1494
DI1503
DI1516
DI1523
DI1535
DI1579
DI1589
DI1591
DI1593
DI1596
DI1600
DI1609
DI1621
DI1623
DI1625
DI1645
31199001533
31199001534
31199001535
31199001536
31199001537
311MNA00088
KDG12070168
KDG12070359
KDG12070396
KDG12070406
KDG12070422
KDG12070499
KDG12070580
KDG12070584
KDG12070630
KDG12070724
KDG12070743
KDG12070744
KDG12070745
KDG12070746
KDG12070769
KDG12070781
PC01070001
PC01070013
PC01070014
PC01070027
PC02060002
PC02060003
PC04070016
PC04070026
PC04070042
PC04070048
PC04070070
DI1649
DI1655
DI1660
DI1671
DI1680
DI1685
DI1689
DI1699
DI1705
DI1707
DI1708
DI1709
DI1710
DI1718
DI1722
DI1728
DI1733
DI1734
DI1738
DI1760
DI1765
DI1766
DI1772
DI1793
DI1799
DI1805
DI1812
DI1816
DI1826
DI1846
DI1849
DI1873
DI1886
DI1887
DI1901
DI1904
DI1907
DI1908
DI1943
DI1944
DI1948
DI1951
DI1975
DI1985
DI1995
DI2007
DI2017
DI2022
DI2040
DI2045
DI2052
DI2058
DI2060
DI2070
DI2071
DI2077
DI2080
DI2088
DI2090
DI2092
DI2096
DI2102
DI2103
DI2104
DI2105
DI2110
DI2134
DI2142
DI2150
DI2153
DI2161
DI2173
DI2185
DI2188
DI2192
DI2194
DI2197
DI2198
DI2202
DI2208
DI2217
DI2218
DI2219
DI2224
DI2230
DI2231
DI2241
DI2267
DI2271
DI2282
DI2286
DI2290
DI2297
DI2311
DI2312
DI2324
DI2357
DI2363
DI2365
DI2367
DI2377
DI2386
DI2392
DI2396
DI2400
PC04070071
PC04070089
PC04070092
PC04070094
PC04070096
PC04070098
PC04070104
PC04070107
PC04070122
PC04070123
PC05060048
PC05070012
PC060612
PC06070011
PC06070031
PC07060024
PC07070016
PC08060009
PC09060002
PC09060003
PC09060016
PC10060011
PC1006008
PC11060033
PC12060001
PC12060002
PS07070007
31500013284
31500023636
31500026047
31500026049
35100013896
35100015283
DI2402
DI2413
DI2417
DI2426
DI2429
DI2431
DI2436
DI2443
DI2504
DI2507
DI2508
DI2509
30200000001
30200000003
30200001564
30200001585
30200003402
30200005746
30200006532
30200006533
30200006534
30200008598
30200008624
30200008726
30200008730
30200008731
30200008732
30200008752
30200008756
30200009027
30200009137
30200009138
30200012762
30299000006
30300002115
30300002731
30300003593
30300003594
30300003609
30300004030
30300004306
30300004789
30300004821
30300004918
30300005129
30300005239
30300005311
30300005314
30300005315
30300005316
30300005317
30300005318
30300005319
30300005320
30300005321
30300005322
30300005323
50100027999
50100028000
50100029856
50100029857
50100030982
50100031489
50100219831
50199000005
50199000041
50199000043
35100018261
35100026038
35199000001
35199000003
35199000005
35199000006
35200026425
35200026519
35299000001
36100015887
36100025813
36100026397
36100026399
36100028218
36100028221
36100029133
36100029708
36100031895
36199000002
36199000003
36199000010
36199000011
37100027961
37100222914
41100022382
41100022391
41100031679
42100013294
42100017367
42100017504
42100023137
42100023260
42100024111
42100027233
42100027303
42100030654
42100032330
42100032331
42100032332
42100032333
42100032334
42100217027
42200032232
42200032321
42300022373
42300022503
42300023113
42300023354
42300023677
43100013159
43100016555
43100018059
43100019095
43100019120
43100025552
43100026497
43199000005
43199000006
43199000007
43199000008
43199000009
44100016726
44100017354
44100017466
44100017555
44100018023
44100018077
44100018489
44100018730
44100019387
44100020088
44100020639
44100020692
44100020754
44100020755
44100020937
44100021090
44100021091
44100029054
44100031302
44199000002
44199000003
44199000004
44199000005
44199000006
44199000007
44199000008
44199000010
44199000011
44199000012
45100030068
45100030069
45100030162
45100030172
45100030173
45100030174
45100030175
45100030178
45100030179
50199000044
50199000045
50200031881
50300024534
50300025459
51100003681
51100006384
51100006909
51100008370
51100009869
51100010465
51100010795
51100013956
51100014030
51100014039
51100014040
51100018969
51100019182
51100020138
51100020920
51100021237
51100021350
51100022369
51100024010
51100024639
51100024652
51100024653
51100025145
51100026600
51100027371
51100027807
51100028003
51100028504
51100028506
51100028507
51100028509
51100029560
51100029922
51100029923
51199000016
51199000019
51199000020
51200026722
51299000002
51299000004
51299000005
51299000055
51299000056
51299000057
52100012771
52100013573
52100013785
52100013790
52100014562
52100014563
52100016339
52100016340
52100016342
52100017479
52100018331
52100018336
52100018339
52100019087
52100019090
52100020985
52100026603
52100026957
52100028562
52100029184
52100030122
52100030125
52100030127
52100030977
52199000003
52199000004
52199000045
52199000046
53100015966
53100017258
53100017334
53100017337
53100018535
53100019656
53100019676
53100019802
53100019957
53100019970
53100020009
53100020021
53100020068
53100020865
53100022081
53100022219
53100023084
53100025252
53100025267
53100025277
53100025282
53100025293
45100030180
45100030181
45199000001
50100002193
50100003588
50100005299
50100006737
50100007076
50100007120
50100008705
50100008706
50100008708
50100008740
50100008759
50100008793
50100009565
50100010303
50100010532
50100011268
50100011270
50100012126
50100012232
50100012610
50100013811
50100014796
50100016856
50100016859
50100017362
50100018751
50100018752
50100018753
50100018809
50100020318
53100025315
53100025339
53100025340
53100025341
53100026129
53100026737
53100028367
53199000001
53199000036
53199000037
53199000038
53199000039
53199000041
54100019054
54199000004
54199000024
54199000025
54199000026
54199000027
60100000003
60100000939
60100003921
60100005073
60100005771
60100008770
60100009337
60100009340
60100009532
60100009533
60100009571
60100009580
60100009581
60100009601
60100009924
60100010012
60100011372
60100011373
60100016518
60100018115
60100018817
60100018881
60100020820
60100021500
60100022018
60100022022
60100022024
60100022026
60100022030
60100022037
60100022043
60100022047
60100022250
60100022544
60100022962
60100023024
60100023156
60100023159
60100023160
60100023164
60100023165
60100023170
60100023206
60100023207
60100023208
60100024981
60100029123
60100030579
60100030581
60100030771
60100031535
60100032117
60100032264
60100032265
60100222947
60100222948
60100222949
60100222950
60100222954
60100222958
60200024637
60200024638
60200026931
60200028128
60200030117
60200222035
60200222042
60300031557
60300031562
60300031613
60300031778
60300031779
61100013874
61100014293
61100015529
61100029186
61100030492
61100031347
61100031355
61100031394
61100031623
61100031633
61100031883
61100031884
61100031885
61100031886
61100031887
61100031888
61100031891
61100031892
61100031893
61100031894
61100031897
61100031898
61100031899
61100031900
61100031901
61100031902
61100031903
61100031904
61100031905
61100031906
61100031907
61100031909
61100031910
61100031911
61100031912
61100031913
61100031914
61100031916
61100031926
61100032049
61100032050
50100021199
50100022690
50100023162
50100023163
50100023495
50100025126
50100025675
50100026134
50100026358
62100021461
63100022155
63100024203
63199000004
70100000002
70100001315
70100001681
70100002003
70100003846
70100005114
70100006280
70100006470
70100006471
70100006472
70100006473
70100006474
70100006475
70100006476
70100006477
70100006478
70100006479
70100007025
70100007026
70100007029
61100032052
61100032053
61100032054
61100032055
61100032056
61100032057
61100032058
61100032059
61100032060
61100032061
61100032062
61100032063
61100032064
61100032072
61100032136
61100032155
61100032159
61100032163
61100032260
61100032292
61100032293
61100032294
61100032295
61100032296
61100032297
61100032299
61100032300
61100032301
61100032302
61100032304
61100032305
61100032306
61100032307
61100032309
61100032310
61100032456
61100032460
62100014713
62100014716
62100014724
62100014726
62100021455
86100226390
86100226506
86100226508
86100226570
88100030371
88100030372
88100030373
88100030396
88100032266
88100032267
88100032312
88100032335
88100032340
70100007039
70100007040
70100007042
70100007043
70100007044
70100007045
70100007046
70100007047
70100007049
70100007050
70100007051
70100007052
70100007053
70100007054
70100007055
70100007057
70100007059
70100007061
70100007090
70100007091
70100007095
70100007096
70100007115
70100007116
70100007117
70100007661
70100007662
70100007663
70100007664
70100007665
70100007666
70100007667
70100009590
30500028241
30500028310
30500029371
30500031432
30500031724
30500032177
30500206165
30599000046
30599000054
30599000057
30599000058
30599000059
30599000060
30599000061
30599000062
30599000063
30599000064
30599000065
30599000066
30599000067
30600011029
30600016715
30600018348
30600024083
30600024084
30600024085
30600028627
30600028629
30600031130
30699000023
30700008232
30700017737
30700029086
70100009804
70100011035
70100012745
70100013056
70100013722
70100013899
70100020188
70100020192
70100020695
70100020696
70100020697
70100020705
70100020706
70100020707
70100020709
70100020710
70100020711
70100020712
70100020713
70100020714
70100020715
70100020716
70100020940
70100020941
70100020942
70100020943
70100020944
70100020945
70100020946
70100020947
70100020948
70100020950
70100021510
30700029119
30799000017
30800029673
30800231078
31100009827
31100011061
31100011105
31100011205
31100011207
31100012672
31100012918
31100012923
31100013348
31100015100
31100019275
31100020831
31100020833
31100020834
31100020835
31100020836
31100020837
31100020870
31100021098
31100021873
31100023703
31100024835
31100025489
70100022530
70100022698
70100022873
70100022889
70100022890
70100023058
70100023059
70100024185
70100024186
70100024201
70100024407
70100024530
70100024644
70100024645
70100024649
70100024924
70100030028
70100030029
70100030486
70199000076
70199000077
70199000078
70199000080
70199000081
70200000996
71100028364
71199000016
72100013362
72100013668
72100013951
72100022359
72100028968
73100013728
73100021589
73100021642
73100021643
73100021930
73100023991
73100023994
73100023995
73100025008
73100027064
73199000012
73199000013
73199000014
73199000015
73199000016
74100019755
74100019762
74100019791
74100019793
74100020594
74100021317
74100022291
74100022292
74100026727
74100029682
74100029683
74100029684
74100032173
74100032174
74100032239
74100032311
74199000001
74200032337
75100020299
75100022106
75100026846
80100000969
80100002140
80100002196
80100002494
80100003908
80100003909
80100004782
80100005894
80100005980
80100006190
80100006437
80100006591
80100006844
80100009071
80100009123
80100009142
80100009167
80100009198
80100009204
80100009299
80100009347
80100009365
80100009793
80100009794
80100009932
80100009953
80100010087
80100010088
80100010265
80100010352
80100011024
80100012038
80100012258
80100012571
80100013265
80100014597
80100016959
80100018529
80100018566
80100020253
80100021701
80100023551
80100024142
80100024143
80100024922
80100028853
80100028879
80100028979
80100029045
80100030066
80100030067
80100030353
80100030708
80100031155
80199000003
80199000023
80199000028
80199000079
80199000082
80199000084
80199000085
80199000086
80199000087
80199000088
80199000089
80199000090
80199000091
80199000092
80199000093
80199000094
81100019652
81100021532
81100027314
81100029046
81100029537
81100029578
82100023155
82100025297
82100028228
82100028897
82100231607
83100021549
83100031128
84100020039
84100020291
84100020621
84100021698
84100231053
84100231054
84100231055
84100231103
84100231289
84100231301
84100231303
84100231304
84100231305
84100231509
84100231512
85100021486
85100031063
10300025747
10300025748
10300025750
10300025751
10300025752
10300025753
10300025754
10300025755
10300025757
10300028094
10399000001
10400017965
10400023184
10400023216
10400023966
10400025780
10400030750
10400030754
10400031463
10400031482
10400032290
12100009447
12100009871
12100009872
12100009902
12100009903
12100009907
12100009908
12100009909
12100009952
12100010195
12100010266
12100010269
12100010307
12100010714
12100010895
12100010905
12100012451
12100012501
12100013255
12100013275
12100013276
12100014113
12100014300
12100018141
12100018142
12100018144
12100018813
12100022300
12100024503
12100026050
12100026636
12100026645
12100027055
12100027057
12100027058
12100027062
12100027259
12100027261
12100027411
12100027540
12100027875
12100027877
12100028046
12100028107
12100028742
12100031858
12199000028
12199000029
12199000030
12199000031
12199000032
12199000033
12199000034
12199000035
12199000036
12199000037
12199000038
12199000039
12199000040
12199000041
12199000044
12199000045
13100022438
13100022440
13100022441
13100023138
13100023323
13100027068
AD0001
AD0002
AD0006
AD0007
AD0008
AD0016
AD0019
AD0020
AD0023
AD0026
AD0027
AD0029
AD0030
AD0033
AD0034
AD0036
AD0037
AD0041
AD0042
AD0043
AD0044
AD0045
AD0046
AD0048
AD0050
AD0053
AD0054
AD0056
AD0058
AD0062
AD0072
AD0076
AD0078
AD0079
IM2 001
IM2 002
IM2 003
IM2 004
IM2 005
IM2 006
IM2 007
IM2 008
IM2 009
IM2 010
IM2 011
IM2 012
IM2 013
IM2 014
IM2 015
IM2 016
IM2 017
IM2 018
IM2 020
IM2 021
IM2 022
IM2 023
ISAT 001
ISAT 002
ISAT 004
ISAT 005
LA 001
LA 002
LA 003
PC 11060013
PNM 001
PNM 002
PNM 003
RSA 001
RSA 002
RSA 003
RSA 004
RSA 005
RSA 006
RSA 007
SIS 001
12100009578
14100022749
14100023189
14100024634
14100024635
14100024752
14100026063
14100026962
14199000001
14199000003
14199000009
15100016979
15100023130
15100023232
15100024030
15100024409
15100026336
15100031007
